[gd_scene format=3 uid="uid://13x8ms8ii8mv"]

[ext_resource type="PackedScene" uid="uid://ccteaw5lr6fvp" path="res://assets/Objects/models/LuzEmergencia/LuzEmergencia.glb" id="1_k5x7x"]
[ext_resource type="Texture2D" uid="uid://bqamn4ldc1ssf" path="res://assets/textures/barren-ground-rock/barred_ground_rock_packed_albedo_height.png" id="1_p78ra"]
[ext_resource type="Texture2D" uid="uid://bl706uthgiofo" path="res://assets/textures/barren-ground-rock/barren_ground_rock_packed_normal_roughness.png" id="2_y523t"]
[ext_resource type="PackedScene" uid="uid://bc88qlep4jfmu" path="res://Player/player.tscn" id="3_y523t"]
[ext_resource type="Script" uid="uid://dttlorogss63u" path="res://addons/road-generator/nodes/road_manager.gd" id="4_ss4qg"]
[ext_resource type="Script" uid="uid://cjexxsbvofju2" path="res://addons/road-generator/nodes/road_container.gd" id="5_v0nnn"]
[ext_resource type="Script" uid="uid://dourxilcpbol7" path="res://addons/road-generator/nodes/road_point.gd" id="6_5vpc2"]
[ext_resource type="PackedScene" uid="uid://dwx51e6sccww0" path="res://assets/Objects/valla.tscn" id="7_v0nnn"]
[ext_resource type="PackedScene" uid="uid://cjtx4if04irql" path="res://assets/Objects/EntradaCompleta.tscn" id="8_5vpc2"]
[ext_resource type="PackedScene" uid="uid://8m4wcu4shfaw" path="res://assets/Objects/van.tscn" id="9_vdou1"]
[ext_resource type="PackedScene" uid="uid://lnj44i55cx34" path="res://assets/Objects/models/cube/cube.glb" id="10_04ov5"]
[ext_resource type="PackedScene" uid="uid://cmhgb5jjtger5" path="res://assets/Objects/models/Barricade/Barricade.glb" id="11_ixc55"]
[ext_resource type="PackedScene" uid="uid://bmwoubo8gdpmr" path="res://assets/Objects/models/Warning-barricade/Warning-barricade.glb" id="12_sl16p"]
[ext_resource type="FontFile" uid="uid://djnjkc6l5drdk" path="res://assets/Fuentes/VT323-Regular.ttf" id="13_6vmss"]

[sub_resource type="ProceduralSkyMaterial" id="ProceduralSkyMaterial_64d8o"]
sky_top_color = Color(0.11372549, 0.16470589, 0.2901961, 1)
sky_horizon_color = Color(1, 0.49411765, 0.2509804, 1)
ground_horizon_color = Color(0.91764706, 0.6313726, 0.43137255, 1)

[sub_resource type="Sky" id="Sky_nhkl4"]
sky_material = SubResource("ProceduralSkyMaterial_64d8o")

[sub_resource type="Environment" id="Environment_p78ra"]
background_mode = 1
background_color = Color(0.028007371, 0.058840267, 0.1452328, 1)
sky = SubResource("Sky_nhkl4")
ambient_light_source = 2
ambient_light_color = Color(0.10747976, 0.10747973, 0.10747973, 1)
ambient_light_energy = 0.34
glow_enabled = true
fog_enabled = true
fog_light_color = Color(0.06763965, 0.09225423, 0.14149499, 1)
fog_light_energy = 0.84
fog_density = 0.002
fog_sky_affect = 0.7
fog_depth_curve = 1.0717744
fog_depth_end = 643.7
volumetric_fog_density = 0.005

[sub_resource type="Gradient" id="Gradient_y523t"]
offsets = PackedFloat32Array(0.2, 1)
colors = PackedColorArray(1, 1, 1, 1, 0, 0, 0, 1)

[sub_resource type="FastNoiseLite" id="FastNoiseLite_w40sh"]
noise_type = 2
frequency = 0.03
cellular_jitter = 3.0
cellular_return_type = 0
domain_warp_enabled = true
domain_warp_type = 1
domain_warp_amplitude = 50.0
domain_warp_fractal_type = 2
domain_warp_fractal_lacunarity = 1.5
domain_warp_fractal_gain = 1.0

[sub_resource type="NoiseTexture2D" id="NoiseTexture2D_5fx24"]
noise = SubResource("FastNoiseLite_w40sh")
color_ramp = SubResource("Gradient_y523t")
seamless = true

[sub_resource type="Terrain3DMaterial" id="Terrain3DMaterial_ss4qg"]
_shader_parameters = {
&"bias_distance": null,
&"blend_sharpness": null,
&"depth_blur": null,
&"enable_macro_variation": null,
&"enable_projection": null,
&"flat_terrain_normals": null,
&"macro_variation1": null,
&"macro_variation2": null,
&"macro_variation_slope": null,
&"mipmap_bias": null,
&"noise1_angle": null,
&"noise1_offset": null,
&"noise1_scale": null,
&"noise2_scale": null,
&"noise_texture": SubResource("NoiseTexture2D_5fx24"),
&"projection_threshold": null
}
world_background = 0

[sub_resource type="StandardMaterial3D" id="StandardMaterial3D_5vpc2"]
transparency = 4
cull_mode = 2
vertex_color_use_as_albedo = true
backlight_enabled = true
backlight = Color(0.5, 0.5, 0.5, 1)
distance_fade_mode = 1
distance_fade_min_distance = 128.0
distance_fade_max_distance = 96.0

[sub_resource type="Terrain3DMeshAsset" id="Terrain3DMeshAsset_vdou1"]
generated_type = 1
height_offset = 0.5
material_override = SubResource("StandardMaterial3D_5vpc2")
last_lod = 0
last_shadow_lod = 0
lod0_range = 128.0

[sub_resource type="Terrain3DTextureAsset" id="Terrain3DTextureAsset_y523t"]
name = "barred_ground_rock_packed_albedo_height"
albedo_texture = ExtResource("1_p78ra")
normal_texture = ExtResource("2_y523t")

[sub_resource type="Terrain3DAssets" id="Terrain3DAssets_04ov5"]
mesh_list = Array[Terrain3DMeshAsset]([SubResource("Terrain3DMeshAsset_vdou1")])
texture_list = Array[Terrain3DTextureAsset]([SubResource("Terrain3DTextureAsset_y523t")])

[sub_resource type="BoxShape3D" id="BoxShape3D_vvr5o"]
size = Vector3(10.498169, 6.904785, 4.7886963)

[sub_resource type="BoxShape3D" id="BoxShape3D_orc5f"]
size = Vector3(17.798584, 21.292572, 105.25209)

[sub_resource type="BoxShape3D" id="BoxShape3D_2em5r"]
size = Vector3(4.2660522, 1.5262451, 7.0612183)

[sub_resource type="Animation" id="Animation_k5x7x"]
resource_name = "Fade_in_mundo"
length = 5.0
tracks/0/type = "value"
tracks/0/imported = false
tracks/0/enabled = true
tracks/0/path = NodePath("ColorRect:color")
tracks/0/interp = 1
tracks/0/loop_wrap = true
tracks/0/keys = {
"times": PackedFloat32Array(0, 3),
"transitions": PackedFloat32Array(1, 1),
"update": 0,
"values": [Color(0, 0, 0, 1), Color(0, 0, 0, 0)]
}
tracks/1/type = "value"
tracks/1/imported = false
tracks/1/enabled = true
tracks/1/path = NodePath("Texto Tutorial:theme_override_colors/font_color")
tracks/1/interp = 1
tracks/1/loop_wrap = true
tracks/1/keys = {
"times": PackedFloat32Array(3, 5),
"transitions": PackedFloat32Array(1, 1),
"update": 0,
"values": [Color(1, 1, 1, 0), Color(1, 1, 1, 1)]
}

[sub_resource type="Animation" id="Animation_6vmss"]
length = 0.001
tracks/0/type = "value"
tracks/0/imported = false
tracks/0/enabled = true
tracks/0/path = NodePath("ColorRect:color")
tracks/0/interp = 1
tracks/0/loop_wrap = true
tracks/0/keys = {
"times": PackedFloat32Array(0),
"transitions": PackedFloat32Array(1),
"update": 0,
"values": [Color(0, 0, 0, 1)]
}
tracks/1/type = "value"
tracks/1/imported = false
tracks/1/enabled = true
tracks/1/path = NodePath("Texto Tutorial:theme_override_colors/font_color")
tracks/1/interp = 1
tracks/1/loop_wrap = true
tracks/1/keys = {
"times": PackedFloat32Array(0),
"transitions": PackedFloat32Array(1),
"update": 0,
"values": [Color(1, 1, 1, 0)]
}

[sub_resource type="AnimationLibrary" id="AnimationLibrary_o6l2h"]
_data = {
&"Fade_in_mundo": SubResource("Animation_k5x7x"),
&"RESET": SubResource("Animation_6vmss")
}

[node name="Node3D" type="Node3D" unique_id=1265703151]

[node name="WorldEnvironment" type="WorldEnvironment" parent="." unique_id=206003664]
environment = SubResource("Environment_p78ra")

[node name="DirectionalLight3D" type="DirectionalLight3D" parent="." unique_id=216144787]
transform = Transform3D(-0.8660254, -0.43301278, 0.24999999, -0.42290378, 0.9010997, 0.09576908, -0.26674414, -0.022787452, -0.96349794, 0, 0, 0)
light_color = Color(0.012695551, 0.07476909, 0.2078701, 1)
light_energy = 0.5
shadow_enabled = true

[node name="LuzEmergencia" parent="DirectionalLight3D" unique_id=1668635670 instance=ExtResource("1_k5x7x")]
physics_interpolation_mode = 2
transform = Transform3D(-0.8872724, 0.4567505, -0.0642391, -0.08945127, -0.033766586, 0.9954187, 0.4524892, 0.8889532, 0.07081694, -5.1790075, 11.288194, -4.9232907)

[node name="OmniLight3D" type="OmniLight3D" parent="DirectionalLight3D/LuzEmergencia" unique_id=1699503311]
transform = Transform3D(1, -8.940697e-08, -2.849847e-07, 2.9802322e-08, 1.0000006, 2.0861626e-07, 2.3748726e-07, -7.450581e-09, 1.0000002, 0.04335916, 0.73312855, 0.040540695)
light_color = Color(1, 0.55628604, 0.49291283, 1)
light_energy = 5.119
shadow_enabled = true

[node name="Terrain3D2" type="Terrain3D" parent="." unique_id=247859224]
data_directory = "res://Maps/Exterior/Terrain2"
material = SubResource("Terrain3DMaterial_ss4qg")
assets = SubResource("Terrain3DAssets_04ov5")
collision_shape_size = 8
top_level = true
metadata/_edit_lock_ = true

[node name="RoadManager" type="Node3D" parent="." unique_id=520265310]
script = ExtResource("4_ss4qg")

[node name="Road_001" type="Node3D" parent="RoadManager" unique_id=763418999]
transform = Transform3D(1, 0, 0, 0, 1, 0, 0, 0, 1, -46.06781, 5.1011353, -574.0518)
script = ExtResource("5_v0nnn")
use_lowpoly_preview = true
edge_containers = Array[NodePath]([NodePath(""), NodePath("")])
edge_rp_targets = Array[NodePath]([NodePath(""), NodePath("")])
edge_rp_target_dirs = Array[int]([-1, -1])
edge_rp_locals = Array[NodePath]([NodePath("RP_009"), NodePath("RP_013")])
edge_rp_local_dirs = Array[int]([1, 0])

[node name="RP_001" type="Node3D" parent="RoadManager/Road_001" unique_id=161910941]
script = ExtResource("6_5vpc2")
traffic_dir = Array[int]([2, 2, 1, 1])
lanes = Array[int]([2, 4, 4, 2])
next_mag = 140.51143
prior_pt_init = NodePath("../RP_002")
next_pt_init = NodePath("../RP_010")

[node name="RP_003" type="Node3D" parent="RoadManager/Road_001" unique_id=1168745751]
transform = Transform3D(0.9406208, 0, 0.33945912, 0, 1, 0, -0.33945912, 0, 0.9406208, 18.55133, 0.945755, -337.66193)
script = ExtResource("6_5vpc2")
traffic_dir = Array[int]([2, 2, 1, 1])
lanes = Array[int]([2, 4, 4, 2])
prior_mag = 179.211
next_mag = 103.995155
prior_pt_init = NodePath("../RP_004")
next_pt_init = NodePath("../RP_002")

[node name="RP_004" type="Node3D" parent="RoadManager/Road_001" unique_id=2040465293]
transform = Transform3D(0.9911415, 0, 0.13281018, 0, 1, 0, -0.13281018, 0, 0.9911415, -66.35611, 0.945755, -685.8818)
script = ExtResource("6_5vpc2")
traffic_dir = Array[int]([2, 2, 1, 1])
lanes = Array[int]([2, 4, 4, 2])
prior_mag = 230.35825
next_mag = 179.211
prior_pt_init = NodePath("../RP_005")
next_pt_init = NodePath("../RP_003")

[node name="RP_005" type="Node3D" parent="RoadManager/Road_001" unique_id=263071071]
transform = Transform3D(0.9827689, 0, -0.18483876, 0, 1, 0, 0.18483876, 0, 0.9827689, -53.275482, 0.945755, -1146.4126)
script = ExtResource("6_5vpc2")
traffic_dir = Array[int]([2, 2, 1, 1])
lanes = Array[int]([2, 4, 4, 2])
prior_mag = 158.82977
next_mag = 230.35825
prior_pt_init = NodePath("../RP_006")
next_pt_init = NodePath("../RP_004")

[node name="RP_006" type="Node3D" parent="RoadManager/Road_001" unique_id=1006407696]
transform = Transform3D(0.94668293, 0, 0.32216677, 0, 1, 0, -0.32216677, 0, 0.94668293, -78.557556, 0.945755, -1463.0645)
script = ExtResource("6_5vpc2")
traffic_dir = Array[int]([2, 2, 1, 1])
lanes = Array[int]([2, 4, 4, 2])
prior_mag = 200.90149
next_mag = 158.82977
prior_pt_init = NodePath("../RP_007")
next_pt_init = NodePath("../RP_005")

[node name="RP_007" type="Node3D" parent="RoadManager/Road_001" unique_id=863900679]
transform = Transform3D(0.7925694, 0, -0.6097817, 0, 1, 0, 0.6097817, 0, 0.7925694, 11.638611, 0.945755, -1854.613)
script = ExtResource("6_5vpc2")
traffic_dir = Array[int]([2, 2, 1, 1])
lanes = Array[int]([2, 4, 4, 2])
prior_mag = 186.54947
next_mag = 200.90149
prior_pt_init = NodePath("../RP_008")
next_pt_init = NodePath("../RP_006")

[node name="RP_008" type="Node3D" parent="RoadManager/Road_001" unique_id=1018960790]
transform = Transform3D(0.9993401, 0, -0.036322482, 0, 1, 0, 0.036322482, 0, 0.9993401, 132.84442, 0.945755, -2207.4756)
script = ExtResource("6_5vpc2")
traffic_dir = Array[int]([2, 2, 1, 1])
lanes = Array[int]([2, 4, 4, 2])
prior_mag = 263.82272
next_mag = 186.54947
prior_pt_init = NodePath("../RP_009")
next_pt_init = NodePath("../RP_007")

[node name="RP_009" type="Node3D" parent="RoadManager/Road_001" unique_id=1155652894]
transform = Transform3D(0.9355611, 0, 0.35316488, 0, 1, 0, -0.35316488, 0, 0.9355611, 45.517822, 0.9457855, -2727.8445)
script = ExtResource("6_5vpc2")
traffic_dir = Array[int]([2, 2, 1, 1])
lanes = Array[int]([2, 4, 4, 2])
prior_mag = 263.82272
next_mag = 263.82272
next_pt_init = NodePath("../RP_008")

[node name="RP_002" type="Node3D" parent="RoadManager/Road_001" unique_id=2000214018]
transform = Transform3D(0.9708843, 0, -0.23954889, 0, 1, 0, 0.23954889, 0, 0.9708843, 32.10327, 0.945755, -130.11359)
script = ExtResource("6_5vpc2")
traffic_dir = Array[int]([2, 2, 1, 1])
lanes = Array[int]([2, 4, 4, 2])
prior_mag = 103.995155
next_mag = 67.00777
prior_pt_init = NodePath("../RP_003")
next_pt_init = NodePath("../RP_001")

[node name="RP_010" type="Node3D" parent="RoadManager/Road_001" unique_id=1239774921]
transform = Transform3D(0.9993952, 0, 0.03477549, -0.00019609177, 0.9999842, 0.005635366, -0.034774933, -0.005638793, 0.9993793, 4.8878326, 0, 280.98035)
script = ExtResource("6_5vpc2")
traffic_dir = Array[int]([2, 2, 1, 1])
lanes = Array[int]([2, 4, 4, 2])
prior_mag = 140.51143
next_mag = 46.17975
prior_pt_init = NodePath("../RP_001")
next_pt_init = NodePath("../RP_011")

[node name="RP_011" type="Node3D" parent="RoadManager/Road_001" unique_id=319493062]
transform = Transform3D(0.9108013, 8.704351e-10, 0.412845, -0.0238266, 0.9983332, 0.052565243, -0.4121569, -0.05771319, 0.90928316, 26.298218, -0.56830597, 370.82394)
script = ExtResource("6_5vpc2")
traffic_dir = Array[int]([2, 2, 1, 1])
lanes = Array[int]([2, 4, 4, 2])
prior_mag = 46.17975
next_mag = 40.277958
prior_pt_init = NodePath("../RP_010")
next_pt_init = NodePath("../RP_012")

[node name="RP_012" type="Node3D" parent="RoadManager/Road_001" unique_id=682549503]
transform = Transform3D(0.9980673, 0, -0.06214166, 0.00040024277, 0.99997926, 0.006428364, 0.06214037, -0.0064408123, 0.99804664, 39.281456, -1.4212599, 450.15872)
script = ExtResource("6_5vpc2")
traffic_dir = Array[int]([2, 2, 1, 1])
lanes = Array[int]([2, 4, 4, 2])
prior_mag = 40.277958
next_mag = 17.560795
prior_pt_init = NodePath("../RP_011")
next_pt_init = NodePath("../RP_013")

[node name="RP_013" type="Node3D" parent="RoadManager/Road_001" unique_id=1817388684]
transform = Transform3D(0.9987813, 0.02917319, 0.03980902, -0.029150048, 0.99957436, -0.0011618508, -0.03982597, -6.938894e-18, 0.9992066, 48.98353, -2.3724475, 483.88593)
script = ExtResource("6_5vpc2")
traffic_dir = Array[int]([2, 2, 1, 1])
lanes = Array[int]([2, 4, 4, 2])
prior_mag = 17.560795
next_mag = 17.560795
prior_pt_init = NodePath("../RP_012")

[node name="Vallas-Perimetrales" type="Node3D" parent="." unique_id=1593477324]

[node name="Valla" parent="Vallas-Perimetrales" unique_id=1072294590 instance=ExtResource("7_v0nnn")]
transform = Transform3D(4, 0, 0, 0, 4, 0, 0, 0, 4, -11.084286, 5.133463, -88.20191)

[node name="Valla2" parent="Vallas-Perimetrales" unique_id=1441809821 instance=ExtResource("7_v0nnn")]
transform = Transform3D(4, 0, 0, 0, 4, 0, 0, 0, 4, -19.084286, 5.133463, -88.20191)

[node name="Valla3" parent="Vallas-Perimetrales" unique_id=1496141787 instance=ExtResource("7_v0nnn")]
transform = Transform3D(4, 0, 0, 0, 4, 0, 0, 0, 4, -27.084286, 5.133463, -88.20191)

[node name="Valla4" parent="Vallas-Perimetrales" unique_id=1057719575 instance=ExtResource("7_v0nnn")]
transform = Transform3D(3.4641016, 0, 2, 0, 4, 0, -2, 0, 3.4641016, -34.084286, 5.133463, -86.20191)

[node name="Valla5" parent="Vallas-Perimetrales" unique_id=1718572893 instance=ExtResource("7_v0nnn")]
transform = Transform3D(3.4641016, 0, 2, 0, 4, 0, -2, 0, 3.4641016, -41.084286, 4.6747136, -82.20191)

[node name="Valla6" parent="Vallas-Perimetrales" unique_id=1816157315 instance=ExtResource("7_v0nnn")]
transform = Transform3D(3.4641016, 0, 2, 0, 4, 0, -2, 0, 3.4641016, -48.084286, 4.551002, -78.20191)

[node name="Valla7" parent="Vallas-Perimetrales" unique_id=1127192826 instance=ExtResource("7_v0nnn")]
transform = Transform3D(3.4641016, 0, 2, 0, 4, 0, -2, 0, 3.4641016, -55.084286, 4.4002905, -74.20191)

[node name="Valla8" parent="Vallas-Perimetrales" unique_id=1632866246 instance=ExtResource("7_v0nnn")]
transform = Transform3D(3.4641016, 0, 2, 0, 4, 0, -2, 0, 3.4641016, -62.084286, 4.513674, -70.20191)

[node name="Valla9" parent="Vallas-Perimetrales" unique_id=1158876643 instance=ExtResource("7_v0nnn")]
transform = Transform3D(3.4641016, 0, 2, 0, 4, 0, -2, 0, 3.4641016, -69.08429, 4.2659607, -66.20191)

[node name="Valla10" parent="Vallas-Perimetrales" unique_id=681075039 instance=ExtResource("7_v0nnn")]
transform = Transform3D(2.8284268, 0, 2.828427, 0, 4, 0, -2.828427, 0, 2.8284268, -75.293434, 4.1340213, -61.23933)

[node name="Valla11" parent="Vallas-Perimetrales" unique_id=238918336 instance=ExtResource("7_v0nnn")]
transform = Transform3D(2.8284268, 0, 2.828427, 0, 4, 0, -2.828427, 0, 2.8284268, -81.05373, 3.846705, -55.8355)

[node name="Valla12" parent="Vallas-Perimetrales" unique_id=1411091599 instance=ExtResource("7_v0nnn")]
transform = Transform3D(1.0352759, 0, 3.8637028, 0, 4, 0, -3.8637028, 0, 1.0352759, -84.70462, 3.846705, -49.119858)

[node name="Valla13" parent="Vallas-Perimetrales" unique_id=982133032 instance=ExtResource("7_v0nnn")]
transform = Transform3D(1.0352759, 0, 3.8637028, 0, 4, 0, -3.8637028, 0, 1.0352759, -86.70462, 3.846705, -41.119858)

[node name="Valla14" parent="Vallas-Perimetrales" unique_id=1796536409 instance=ExtResource("7_v0nnn")]
transform = Transform3D(-1.1920929e-07, 0, 3.9999998, 0, 4, 0, -3.9999998, 0, -1.1920929e-07, -87.70462, 3.846705, -33.119858)

[node name="Valla15" parent="Vallas-Perimetrales" unique_id=1018913872 instance=ExtResource("7_v0nnn")]
transform = Transform3D(-1.1920929e-07, 0, 3.9999998, 0, 4, 0, -3.9999998, 0, -1.1920929e-07, -87.70462, 3.846705, -25.119858)

[node name="Valla16" parent="Vallas-Perimetrales" unique_id=1376448711 instance=ExtResource("7_v0nnn")]
transform = Transform3D(-1.1920929e-07, 0, 3.9999998, 0, 4, 0, -3.9999998, 0, -1.1920929e-07, -87.70462, 3.846705, -17.119858)

[node name="Valla17" parent="Vallas-Perimetrales" unique_id=1283054949 instance=ExtResource("7_v0nnn")]
transform = Transform3D(-1.1920929e-07, 0, 3.9999998, 0, 4, 0, -3.9999998, 0, -1.1920929e-07, -87.70462, 3.846705, -9.119858)

[node name="Valla18" parent="Vallas-Perimetrales" unique_id=363024573 instance=ExtResource("7_v0nnn")]
transform = Transform3D(-1.1920929e-07, 0, 3.9999998, 0, 4, 0, -3.9999998, 0, -1.1920929e-07, -87.70462, 3.846705, -1.1198578)

[node name="Valla19" parent="Vallas-Perimetrales" unique_id=748613903 instance=ExtResource("7_v0nnn")]
transform = Transform3D(-1.1920929e-07, 0, 3.9999998, 0, 4, 0, -3.9999998, 0, -1.1920929e-07, -87.70462, 4.846705, 6.880142)

[node name="Valla20" parent="Vallas-Perimetrales" unique_id=387847674 instance=ExtResource("7_v0nnn")]
transform = Transform3D(-1.1920929e-07, 0, 3.9999998, 0, 4, 0, -3.9999998, 0, -1.1920929e-07, -87.70462, 7.846705, 14.880142)

[node name="Valla21" parent="Vallas-Perimetrales" unique_id=587988519 instance=ExtResource("7_v0nnn")]
transform = Transform3D(-1.0352763, 0, -3.8637033, 0, 4, 0, 3.8637033, 0, -1.0352763, 77.75361, 6.133463, 6.816345)

[node name="Valla40" parent="Vallas-Perimetrales" unique_id=704629857 instance=ExtResource("7_v0nnn")]
transform = Transform3D(-1.0352763, 0, -3.8637033, 0, 4, 0, 3.8637033, 0, -1.0352763, 75.75361, 7.133463, 14.816345)

[node name="Valla41" parent="Vallas-Perimetrales" unique_id=1981019930 instance=ExtResource("7_v0nnn")]
transform = Transform3D(-1.0352763, 0, -3.8637033, 0, 4, 0, 3.8637033, 0, -1.0352763, 73.75361, 10.133463, 21.816345)

[node name="Valla42" parent="Vallas-Perimetrales" unique_id=399419444 instance=ExtResource("7_v0nnn")]
transform = Transform3D(-1.0352763, 0, -3.8637033, 0, 4, 0, 3.8637033, 0, -1.0352763, 72.75361, 14.133463, 25.816345)

[node name="Valla22" parent="Vallas-Perimetrales" unique_id=550154794 instance=ExtResource("7_v0nnn")]
transform = Transform3D(-1.0352763, 0, -3.8637033, 0, 4, 0, 3.8637033, 0, -1.0352763, 79.82416, 5.133463, -0.91106415)

[node name="Valla23" parent="Vallas-Perimetrales" unique_id=1232250658 instance=ExtResource("7_v0nnn")]
transform = Transform3D(-1.0352763, 0, -3.8637033, 0, 4, 0, 3.8637033, 0, -1.0352763, 81.894714, 5.133463, -8.63847)

[node name="Valla24" parent="Vallas-Perimetrales" unique_id=563457714 instance=ExtResource("7_v0nnn")]
transform = Transform3D(1.035276, 0, -3.863703, 0, 4, 0, 3.863703, 0, 1.035276, 81.7746, 5.133463, -15.917587)

[node name="Valla25" parent="Vallas-Perimetrales" unique_id=338022486 instance=ExtResource("7_v0nnn")]
transform = Transform3D(1.035276, 0, -3.863703, 0, 4, 0, 3.863703, 0, 1.035276, 79.722626, 4.6747136, -23.714344)

[node name="Valla26" parent="Vallas-Perimetrales" unique_id=1176714403 instance=ExtResource("7_v0nnn")]
transform = Transform3D(1.035276, 0, -3.863703, 0, 4, 0, 3.863703, 0, 1.035276, 77.670654, 4.551002, -31.5111)

[node name="Valla27" parent="Vallas-Perimetrales" unique_id=677178753 instance=ExtResource("7_v0nnn")]
transform = Transform3D(1.035276, 0, -3.863703, 0, 4, 0, 3.863703, 0, 1.035276, 75.61868, 4.4002905, -39.307858)

[node name="Valla28" parent="Vallas-Perimetrales" unique_id=1208053664 instance=ExtResource("7_v0nnn")]
transform = Transform3D(1.035276, 0, -3.863703, 0, 4, 0, 3.863703, 0, 1.035276, 73.56671, 4.513674, -47.104614)

[node name="Valla29" parent="Vallas-Perimetrales" unique_id=1433532136 instance=ExtResource("7_v0nnn")]
transform = Transform3D(1.035276, 0, -3.863703, 0, 4, 0, 3.863703, 0, 1.035276, 71.51475, 4.2659607, -54.90137)

[node name="Valla30" parent="Vallas-Perimetrales" unique_id=366574577 instance=ExtResource("7_v0nnn")]
transform = Transform3D(1.9999995, 0, -3.464101, 0, 4, 0, 3.464101, 0, 1.9999995, 68.3283, 4.1340213, -62.183357)

[node name="Valla31" parent="Vallas-Perimetrales" unique_id=1147956838 instance=ExtResource("7_v0nnn")]
transform = Transform3D(1.9999995, 0, -3.464101, 0, 4, 0, 3.464101, 0, 1.9999995, 64.59948, 4.846705, -69.14598)

[node name="Valla32" parent="Vallas-Perimetrales" unique_id=299305118 instance=ExtResource("7_v0nnn")]
transform = Transform3D(3.4641018, 0, -2.0000002, 0, 4, 0, 2.0000002, 0, 3.4641018, 59.057587, 4.846705, -74.410614)

[node name="Valla33" parent="Vallas-Perimetrales" unique_id=383576951 instance=ExtResource("7_v0nnn")]
transform = Transform3D(3.4641018, 0, -2.0000002, 0, 4, 0, 2.0000002, 0, 3.4641018, 51.84782, 4.846705, -78.41302)

[node name="Valla34" parent="Vallas-Perimetrales" unique_id=422864026 instance=ExtResource("7_v0nnn")]
transform = Transform3D(3.8637028, 0, -1.035276, 0, 4, 0, 1.035276, 0, 3.8637028, 44.37923, 4.846705, -81.44949)

[node name="Valla35" parent="Vallas-Perimetrales" unique_id=233248274 instance=ExtResource("7_v0nnn")]
transform = Transform3D(3.8637028, 0, -1.035276, 0, 4, 0, 1.035276, 0, 3.8637028, 36.651825, 4.846705, -83.52005)

[node name="Valla36" parent="Vallas-Perimetrales" unique_id=750409264 instance=ExtResource("7_v0nnn")]
transform = Transform3D(3.8637028, 0, -1.035276, 0, 4, 0, 1.035276, 0, 3.8637028, 28.92442, 4.846705, -85.5906)

[node name="Valla37" parent="Vallas-Perimetrales" unique_id=1798405853 instance=ExtResource("7_v0nnn")]
transform = Transform3D(3.8637028, 0, -1.035276, 0, 4, 0, 1.035276, 0, 3.8637028, 21.197014, 4.846705, -87.66115)

[node name="Valla38" parent="Vallas-Perimetrales" unique_id=300131242 instance=ExtResource("7_v0nnn")]
transform = Transform3D(3.9999998, 0, 0, 0, 4, 0, 0, 0, 3.9999998, 13.4696045, 4.846705, -88.731705)

[node name="Valla39" parent="Vallas-Perimetrales" unique_id=1673011497 instance=ExtResource("7_v0nnn")]
transform = Transform3D(3.9999998, 0, 0, 0, 4, 0, 0, 0, 3.9999998, 5.7422028, 4.846705, -88.80226)

[node name="Entrada" parent="." unique_id=30468986 instance=ExtResource("8_5vpc2")]
transform = Transform3D(0.09289866, 0, -0.99567556, 0, 1, 0, 0.99567556, 0, 0.09289866, -1.0284905, 4.4513164, 13.619283)

[node name="cube" parent="Entrada" unique_id=1273567681 instance=ExtResource("10_04ov5")]
transform = Transform3D(-8.742278e-08, 0, 2, 0, 2, 0, -2, 0, -8.742278e-08, 12.13091, -1.8738222, 0.85566485)

[node name="Van" parent="." unique_id=1616981070 instance=ExtResource("9_vdou1")]
transform = Transform3D(0.7617603, 0, 0.64785904, 0, 1, 0, -0.64785904, 0, 0.7617603, -2.8142335, 2.3108883, -89.46598)

[node name="CollisionShape3D" type="CollisionShape3D" parent="Van" unique_id=1011210245]
transform = Transform3D(0.9999995, 0, -1.7881393e-07, 0, 1, 0, 1.7881393e-07, 0, 0.9999995, 0.5776291, 2.9523926, 0.558403)
shape = SubResource("BoxShape3D_vvr5o")

[node name="Limites_Invisibles" type="Node3D" parent="." unique_id=1997243826]
transform = Transform3D(1, 0, 0, 0, 1, 0, 0, 0, 1, 0, 4.2389507, 0)

[node name="Muro_1" type="StaticBody3D" parent="Limites_Invisibles" unique_id=1481021076]
transform = Transform3D(1, 0, 0, 0, 1, 0, 0, 0, 1, -1.987442, 0, 0)

[node name="CollisionShape3D" type="CollisionShape3D" parent="Limites_Invisibles/Muro_1" unique_id=595229825]
transform = Transform3D(0.99818486, 0, 0.060224995, 0, 1, 0, -0.060224995, 0, 0.99818486, -18.914322, 6.288904, -36.679825)
shape = SubResource("BoxShape3D_orc5f")

[node name="Muro_2" type="StaticBody3D" parent="Limites_Invisibles" unique_id=1857227453]
transform = Transform3D(1, 0, 0, 0, 1, 0, 0, 0, 1, 32.983665, 0, 0)

[node name="CollisionShape3D" type="CollisionShape3D" parent="Limites_Invisibles/Muro_2" unique_id=1739832433]
transform = Transform3D(0.99818486, 0, 0.060224995, 0, 1, 0, -0.060224995, 0, 0.99818486, -18.914322, 6.288904, -36.679825)
shape = SubResource("BoxShape3D_orc5f")

[node name="Muro_3" type="StaticBody3D" parent="Limites_Invisibles" unique_id=844888505]
transform = Transform3D(1, 0, 0, 0, 1, 0, 0, 0, 1, 32.983665, 0, 0)

[node name="CollisionShape3D" type="CollisionShape3D" parent="Limites_Invisibles/Muro_3" unique_id=1211854628]
transform = Transform3D(0.99696577, 0, 0.077841744, 0, 1, 0, -0.077841744, 0, 0.99696577, -20.025612, -1.6236057, 57.454155)
shape = SubResource("BoxShape3D_orc5f")

[node name="Muro_4" type="StaticBody3D" parent="Limites_Invisibles" unique_id=1346725959]
transform = Transform3D(1, 0, 0, 0, 1, 0, 0, 0, 1, 32.983665, 0, 0)

[node name="CollisionShape3D" type="CollisionShape3D" parent="Limites_Invisibles/Muro_4" unique_id=88698759]
transform = Transform3D(0.99696577, 0, 0.077841744, 0, 1, 0, -0.077841744, 0, 0.99696577, -41.64418, -1.6484051, 59.123917)
shape = SubResource("BoxShape3D_orc5f")

[node name="PisoBunker" type="StaticBody3D" parent="Limites_Invisibles" unique_id=1608413243]
transform = Transform3D(1, 0, 0, 0, 1, 0, 0, 0, 1, -1.5686836, 0, 8.103077)

[node name="CollisionShape3D" type="CollisionShape3D" parent="Limites_Invisibles/PisoBunker" unique_id=447706759]
transform = Transform3D(0.99515325, 0, 0.09833642, 0, 1, 0, -0.09833642, 0, 0.99515325, -0.17905593, 0.26312256, 1.1557598)
shape = SubResource("BoxShape3D_2em5r")

[node name="Barricade" parent="." unique_id=1328823690 instance=ExtResource("11_ixc55")]
transform = Transform3D(0.8835731, 0.4682908, 0.001413708, -0.0015161783, 0.0058796704, -0.9999814, -0.46829045, 0.8835548, 0.0059051067, 0, 2.6418924, -70.45907)

[node name="Barricade6" parent="." unique_id=1092437229 instance=ExtResource("11_ixc55")]
transform = Transform3D(0.931976, 0.036746707, -0.3606521, -0.05577517, 0.9975386, -0.042492136, 0.35820305, 0.059716962, 0.9317318, -10.544555, 1.680521, -29.027534)

[node name="Barricade3" parent="." unique_id=705298245 instance=ExtResource("11_ixc55")]
transform = Transform3D(0.77231157, -0.032514136, -0.63441104, 0.06932469, 0.9970382, 0.033294667, 0.63144946, -0.06969433, 0.77227813, -10.366737, 2.979898, -78.96952)

[node name="Barricade2" parent="." unique_id=252503762 instance=ExtResource("11_ixc55")]
transform = Transform3D(0.9975814, -0.04980974, -0.048475504, 0.05168876, 0.99792814, 0.038309556, 0.0464668, -0.04072246, 0.99808925, 0, 2.8638048, -62.98491)

[node name="Barricade5" parent="." unique_id=2132185571 instance=ExtResource("11_ixc55")]
transform = Transform3D(0.9975814, -0.04980974, -0.048475504, 0.05168876, 0.99792814, 0.038309556, 0.0464668, -0.04072246, 0.99808925, 0, 2.8638048, -62.98491)

[node name="Barricade4" parent="." unique_id=2082733801 instance=ExtResource("11_ixc55")]
transform = Transform3D(0.8299986, -0.0999369, -0.54873914, 0.061800983, 0.99423736, -0.08759416, 0.55433077, 0.038790617, 0.8313919, -11.610632, 2.2018428, -53.834885)

[node name="Warning-barricade" parent="." unique_id=794286082 instance=ExtResource("12_sl16p")]
transform = Transform3D(0.47722614, 0.86835885, 0.13493738, 0.09002142, 0.10443616, -0.9904489, -0.87415767, 0.48481563, -0.028331175, 2.8604965, 2.5121047, -46.184765)

[node name="Warning-barricade2" parent="." unique_id=1661959861 instance=ExtResource("12_sl16p")]
transform = Transform3D(0.874399, 0.03325024, -0.48406732, -0.018066611, 0.99918866, 0.035999253, 0.4848716, -0.022732362, 0.8742898, -9.457411, 3.3407235, -70.27663)

[node name="EfectoEntrada" type="CanvasLayer" parent="." unique_id=2143048567]

[node name="ColorRect" type="ColorRect" parent="EfectoEntrada" unique_id=124819061]
anchors_preset = 15
anchor_right = 1.0
anchor_bottom = 1.0
grow_horizontal = 2
grow_vertical = 2
mouse_filter = 2
color = Color(0, 0, 0, 1)

[node name="AnimationPlayer" type="AnimationPlayer" parent="EfectoEntrada" unique_id=1086606943]
libraries/ = SubResource("AnimationLibrary_o6l2h")
autoplay = &"Fade_in_mundo"

[node name="Texto Tutorial" type="Label" parent="EfectoEntrada" unique_id=568298733]
anchors_preset = 14
anchor_top = 0.5
anchor_right = 1.0
anchor_bottom = 0.5
offset_top = -11.5
offset_bottom = 11.5
grow_horizontal = 2
grow_vertical = 2
theme_override_colors/font_color = Color(1, 1, 1, 0)
theme_override_fonts/font = ExtResource("13_6vmss")
theme_override_font_sizes/font_size = 32
text = "Presiona [F] para encender la linterna"
horizontal_alignment = 1

[node name="TextoDialogo" type="Label" parent="EfectoEntrada" unique_id=1630206796]
anchors_preset = 7
anchor_left = 0.5
anchor_top = 1.0
anchor_right = 0.5
anchor_bottom = 1.0
offset_left = -393.5
offset_top = -120.0
offset_right = 393.5
offset_bottom = -95.0
grow_horizontal = 2
grow_vertical = 0
theme_override_colors/font_color = Color(1, 1, 1, 0)
theme_override_fonts/font = ExtResource("13_6vmss")
theme_override_font_sizes/font_size = 24
text = "Que oscuridad... La entrada a la supuesta base debe ser donde brilla esa luz roja."
horizontal_alignment = 1
vertical_alignment = 1
autowrap_mode = 2

[node name="Player" parent="." unique_id=196113240 node_paths=PackedStringArray("texto_tutorial", "texto_dialogo1") instance=ExtResource("3_y523t")]
transform = Transform3D(1, 0, 0, 0, 1, 0, 0, 0, 1, -1.7293477, 2.983676, -82.37264)
texto_tutorial = NodePath("../EfectoEntrada/Texto Tutorial")
texto_dialogo1 = NodePath("../EfectoEntrada/TextoDialogo")
